0 6.3499999
0.1 6.3482833
0.2 6.343812
0.3 6.3373075
0.4 6.329246
0.5 6.3199615
0.6 6.3097048
0.7 6.2986732
0.8 6.2870255
0.9 6.2748895
1 6.2623696
1.1 6.249548
1.2 6.2364855
1.3 6.2232265
1.4 6.2098007
1.5 6.1962242
1.6 6.1825027
1.7 6.1686368
1.8 6.154623
1.9 6.1404552
2 6.1261301
2.1 6.1116462
2.2 6.0970073
2.3 6.0822201
2.4 6.0672975
2.5 6.0522566
2.6 6.037117
2.7 6.0218987
2.8 6.0066247
2.9 5.9913125
3 5.9759817
3.1 5.9606447
3.2 5.9453111
3.3 5.9299841
3.4 5.9146652
3.5 5.8993492
3.6 5.8840322
3.7 5.8687048
3.8 5.8533592
3.9 5.8379889
4 5.8225875
4.1 5.8071537
4.2 5.7916875
4.3 5.7761936
4.4 5.7606773
4.5 5.7451477
4.6 5.7296152
4.7 5.7140899
4.8 5.6985803
4.9 5.6830945
5 5.6676359
5.1 5.652205
5.2 5.6368008
5.3 5.6214151
5.4 5.606041
5.5 5.5906658
5.6 5.5752773
5.7 5.5598631
5.8 5.5444126
5.9 5.5289145
6 5.5133624
6.1 5.4977536
6.2 5.4820881
6.3 5.4663682
6.4 5.4506006
6.5 5.434793
6.6 5.4189563
6.7 5.4031014
6.8 5.3872371
6.9 5.3713741
7 5.3555164
7.1 5.3396735
7.2 5.3238449
7.3 5.3080325
7.4 5.2922349
7.5 5.2764521
7.6 5.2606797
7.7 5.2449179
7.8 5.2291651
7.9 5.2134237
8 5.1976962
8.1 5.1819901
8.2 5.1663113
8.3 5.1506696
8.4 5.1350737
8.5 5.1195354
8.6 5.1040635
8.7 5.0886636
8.8 5.0733414
8.9 5.0580988
9 5.0429335
9.1 5.0278387
9.2 5.0128074
9.3 4.9978266
9.4 4.9828835
9.5 4.9679642
9.6 4.9530535
9.7 4.9381385
9.8 4.9232078
9.9 4.9082541
10 4.8932714
10.1 4.8782587
10.2 4.8632183
10.3 4.8481541
10.4 4.8330746
10.5 4.8179874
10.6 4.8029041
10.7 4.7878342
10.8 4.7727852
10.9 4.7577658
11 4.7427812
11.1 4.7278337
11.2 4.712925
11.3 4.6980524
11.4 4.6832137
11.5 4.668406
11.6 4.6536226
11.7 4.6388636
11.8 4.6241226
11.9 4.6093988
12 4.5946946
12.1 4.5800095
12.2 4.5653467
12.3 4.5507135
12.4 4.5361128
12.5 4.5215511
12.6 4.5070343
12.7 4.4925647
12.8 4.4781461
12.9 4.4637785
13 4.4494572
13.1 4.4351816
13.2 4.4209452
13.3 4.4067364
13.4 4.3925486
13.5 4.3783731
13.6 4.3641987
13.7 4.3500156
13.8 4.3358202
13.9 4.3216028
14 4.3073621
14.1 4.2930951
14.2 4.2788029
14.3 4.2644877
14.4 4.2501526
14.5 4.2358031
14.6 4.2214441
14.7 4.2070799
14.8 4.1927161
14.9 4.1783571
15 4.1640081
15.1 4.1496692
15.2 4.1353455
15.3 4.1210384
15.4 4.1067481
15.5 4.0924792
15.6 4.0782313
15.7 4.0640092
15.8 4.0498161
15.9 4.0356541
16 4.0215292
16.1 4.0074463
16.2 3.9934087
16.3 3.9794195
16.4 3.965482
16.5 3.9515967
16.6 3.9377661
16.7 3.9239848
16.8 3.9102499
16.9 3.8965545
17 3.8828924
17.1 3.8692551
17.2 3.855634
17.3 3.8420191
17.4 3.8284054
17.5 3.8147817
17.6 3.8011475
17.7 3.7874966
17.8 3.7738299
17.9 3.760148
18 3.746453
18.1 3.7327509
18.2 3.719048
18.3 3.7053473
18.4 3.6916575
18.5 3.6779826
18.6 3.6643267
18.7 3.6506925
18.8 3.6370811
18.9 3.6234922
19 3.6099238
19.1 3.5963731
19.2 3.5828357
19.3 3.5693107
19.4 3.5557923
19.5 3.5422795
19.6 3.5287728
19.7 3.5152738
19.8 3.5017829
19.9 3.4883087
20 3.4748545
20.1 3.4614275
20.2 3.4480367
20.3 3.4346879
20.4 3.4213889
20.5 3.4081411
20.6 3.3949499
20.7 3.381813
20.8 3.3687291
20.9 3.3556905
21 3.3426905
21.1 3.3297181
21.2 3.3167634
21.3 3.303812
21.4 3.2908542
21.5 3.2778776
21.6 3.2648735
21.7 3.2518339
21.8 3.2387552
21.9 3.2256348
22 3.2124734
22.1 3.1992729
22.2 3.1860385
22.3 3.17278
22.4 3.1595001
22.5 3.1462111
22.6 3.1329195
22.7 3.1196325
22.8 3.1063557
22.9 3.0930948
23 3.0798519
23.1 3.0666285
23.2 3.0534239
23.3 3.0402389
23.4 3.0270715
23.5 3.0139189
23.6 3.0007796
23.7 2.9876523
23.8 2.9745364
23.9 2.9614315
24 2.948339
24.1 2.9352598
24.2 2.9221983
24.3 2.9091554
24.4 2.8961349
24.5 2.8831396
24.6 2.8701715
24.7 2.8572326
24.8 2.8443227
24.9 2.8314426
25 2.8185878
25.1 2.8057575
25.2 2.7929468
25.3 2.7801521
25.4 2.7673688
25.5 2.7545905
25.6 2.7418132
25.7 2.7290325
25.8 2.7162452
25.9 2.7034492
26 2.6906419
26.1 2.6778231
26.2 2.6649921
26.3 2.6521516
26.4 2.6393032
26.5 2.6264489
26.6 2.6135912
26.7 2.600734
26.8 2.5878811
26.9 2.5750351
27 2.5622001
27.1 2.5493789
27.2 2.5365758
27.3 2.5237935
27.4 2.5110359
27.5 2.498307
27.6 2.48561
27.7 2.4729486
27.8 2.4603262
27.9 2.4477456
28 2.4352098
28.1 2.4227223
28.2 2.410284
28.3 2.3978961
28.4 2.3855591
28.5 2.3732724
28.6 2.3610339
28.7 2.3488433
28.8 2.3366964
28.9 2.3245895
29 2.3125196
29.1 2.3004823
29.2 2.2884743
29.3 2.2764926
29.4 2.264533
29.5 2.2525952
29.6 2.2406759
29.7 2.2287755
29.8 2.2168941
29.9 2.2050316
30 2.1931894
30.1 2.1813698
30.2 2.169574
30.3 2.1578038
30.4 2.1460609
30.5 2.134347
30.6 2.1226625
30.7 2.1110082
30.8 2.0993853
30.9 2.0877931
31 2.0762305
31.1 2.0646987
31.2 2.0531979
31.3 2.0417266
31.4 2.0302861
31.5 2.0188777
31.6 2.0075023
31.7 1.9961606
31.8 1.9848552
31.9 1.9735882
32 1.9623618
32.1 1.9511765
32.2 1.9400364
32.3 1.9289408
32.4 1.9178907
32.5 1.9068868
32.6 1.8959267
32.7 1.8850098
32.8 1.8741333
32.9 1.8632945
33 1.8524903
33.1 1.8417169
33.2 1.8309704
33.3 1.8202477
33.4 1.8095458
33.5 1.798861
33.6 1.788192
33.7 1.7775369
33.8 1.7668951
33.9 1.7562668
34 1.7456528
34.1 1.7350532
34.2 1.7244693
34.3 1.7139037
34.4 1.7033581
34.5 1.6928341
34.6 1.6823341
34.7 1.6718595
34.8 1.6614122
34.9 1.6509932
35 1.6406049
35.1 1.630247
35.2 1.6199213
35.3 1.6096282
35.4 1.5993679
35.5 1.5891416
35.6 1.5789493
35.7 1.5687914
35.8 1.5586681
35.9 1.5485793
36 1.5385247
36.1 1.5285041
36.2 1.518517
36.3 1.5085618
36.4 1.4986389
36.5 1.488746
36.6 1.4788818
36.7 1.4690453
36.8 1.4592342
36.9 1.4494476
37 1.439684
37.1 1.429942
37.2 1.4202206
37.3 1.4105188
37.4 1.4008359
37.5 1.3911717
37.6 1.3815259
37.7 1.3718979
37.8 1.3622885
37.9 1.3526975
38 1.3431246
38.1 1.3335711
38.2 1.3240353
38.3 1.3145185
38.4 1.3050205
38.5 1.2955413
38.6 1.2860812
38.7 1.2766397
38.8 1.2672182
38.9 1.2578171
39 1.2484367
39.1 1.2390786
39.2 1.2297444
39.3 1.2204359
39.4 1.2111542
39.5 1.2019017
39.6 1.1926801
39.7 1.1834909
39.8 1.1743362
39.9 1.1652161
40 1.1561317
40.1 1.1470826
40.2 1.1380683
40.3 1.1290874
40.4 1.1201376
40.5 1.1112171
40.6 1.1023227
40.7 1.0934516
40.8 1.0846006
40.9 1.075767
41 1.0669473
41.1 1.05814
41.2 1.0493428
41.3 1.0405543
41.4 1.0317739
41.5 1.0230017
41.6 1.0142372
41.7 1.0054824
41.8 0.99673831
41.9 0.98800552
42 0.97928667
42.1 0.97058308
42.2 0.96189582
42.3 0.95322657
42.4 0.94457608
42.5 0.93594486
42.6 0.92733359
42.7 0.91874224
42.8 0.91017044
42.9 0.90161836
43 0.89308554
43.1 0.88457155
43.2 0.8760767
43.3 0.86760074
43.4 0.8591435
43.5 0.85070574
43.6 0.8422882
43.7 0.83389056
43.8 0.82551509
43.9 0.81716096
44 0.80882955
44.1 0.80052131
44.2 0.79223621
44.3 0.78397417
44.4 0.77573484
44.5 0.76751721
44.6 0.75932014
44.7 0.75114226
44.8 0.74298155
44.9 0.73483616
45 0.72670394
45.1 0.71858323
45.2 0.71047115
45.3 0.70236719
45.4 0.69426876
45.5 0.68617481
45.6 0.67808503
45.7 0.66999865
45.8 0.6619156
45.9 0.65383649
46 0.64576155
46.1 0.63769227
46.2 0.62962973
46.3 0.62157536
46.4 0.61353105
46.5 0.60549772
46.6 0.59747839
46.7 0.58947349
46.8 0.58148527
46.9 0.57351571
47 0.56556553
47.1 0.5576362
47.2 0.5497297
47.3 0.54184681
47.4 0.53398776
47.5 0.52615404
47.6 0.51834595
47.7 0.51056337
47.8 0.50280768
47.9 0.49507728
48 0.48737374
48.1 0.47969547
48.2 0.47204262
48.3 0.4644146
48.4 0.4568105
48.5 0.44922975
48.6 0.44167158
48.7 0.43413544
48.8 0.42662066
48.9 0.41912645
49 0.41165239
49.1 0.40419772
49.2 0.39676183
49.3 0.38934577
49.4 0.38194746
49.5 0.37456772
49.6 0.36720669
49.7 0.35986364
49.8 0.35253918
49.9 0.34523323
50 0.3379451
50.1 0.33067608
50.2 0.32342583
50.3 0.3161934
50.4 0.30898085
50.5 0.30178672
50.6 0.29461208
50.7 0.28745782
50.8 0.28032398
50.9 0.27321073
51 0.26611865
51.1 0.25904894
51.2 0.25200224
51.3 0.24497902
51.4 0.23798066
51.5 0.23100719
51.6 0.22405954
51.7 0.21713805
51.8 0.21024308
51.9 0.20337464
52 0.19653341
52.1 0.18971825
52.2 0.18292928
52.3 0.17616542
52.4 0.16942672
52.5 0.16271165
52.6 0.15601979
52.7 0.14935017
52.8 0.14270118
52.9 0.13607374
53 0.12946486
53.1 0.12287579
53.2 0.11630499
53.3 0.10975352
53.4 0.10321964
53.5 0.096704528
53.6 0.090207264
53.7 0.083728969
53.8 0.07726948
53.9 0.070828997
54 0.064409047
54.1 0.058008056
54.2 0.051628403
54.3 0.045269016
54.4 0.038930103
54.5 0.032612752
54.6 0.026316602
54.7 0.020041186
54.8 0.013787471
54.9 0.0075546391
55 0.0013434179
55.1 -0.0048458278
55.2 -0.011014845
55.3 -0.017162807
55.4 -0.023290042
55.5 -0.029396437
55.6 -0.035481628
55.7 -0.041546814
55.8 -0.047591478
55.9 -0.053616274
56 -0.059621248
56.1 -0.065607004
56.2 -0.071572587
56.3 -0.07751932
56.4 -0.083448008
56.5 -0.08935903
56.6 -0.095251083
56.7 -0.10112724
56.8 -0.10698569
56.9 -0.11282822
57 -0.11865498
57.1 -0.12446554
57.2 -0.13026053
57.3 -0.13604063
57.4 -0.14180592
57.5 -0.14755698
57.6 -0.15329339
57.7 -0.15901595
57.8 -0.16472402
57.9 -0.17041752
58 -0.17609704
58.1 -0.18176134
58.2 -0.18741068
58.3 -0.19304438
58.4 -0.19866301
58.5 -0.20426495
58.6 -0.20984972
58.7 -0.21541813
58.8 -0.22096747
58.9 -0.22649953
59 -0.23201303
59.1 -0.23750612
59.2 -0.24298182
59.3 -0.24843635
59.4 -0.25387278
59.5 -0.2592895
59.6 -0.26468766
59.7 -0.2700662
59.8 -0.27542782
59.9 -0.28077152
60 -0.28609872
60.1 -0.29140905
60.2 -0.29670462
60.3 -0.30198562
60.4 -0.3072511
60.5 -0.31250548
60.6 -0.31774503
60.7 -0.32297298
60.8 -0.32818815
60.9 -0.33339125
61 -0.33858126
61.1 -0.34375894
61.2 -0.34892583
61.3 -0.35407954
61.4 -0.35922039
61.5 -0.36434832
61.6 -0.36946213
61.7 -0.37456328
61.8 -0.37965018
61.9 -0.38472354
62 -0.38978347
62.1 -0.39482895
62.2 -0.39986134
62.3 -0.40487802
62.4 -0.40988302
62.5 -0.41487223
62.6 -0.41984707
62.7 -0.42480981
62.8 -0.42975658
62.9 -0.43469003
63 -0.43960834
63.1 -0.44451305
63.2 -0.44940329
63.3 -0.45427883
63.4 -0.45913914
63.5 -0.46398583
63.6 -0.46881774
63.7 -0.47363526
63.8 -0.4784393
63.9 -0.48322895
64 -0.48800603
64.1 -0.4927707
64.2 -0.49752316
64.3 -0.50226533
64.4 -0.50699526
64.5 -0.51171684
64.6 -0.51642829
64.7 -0.52113044
64.8 -0.52582526
64.9 -0.53051263
65 -0.53519237
65.1 -0.53986406
65.2 -0.54452991
65.3 -0.54918784
65.4 -0.55383933
65.5 -0.55848187
65.6 -0.5631178
65.7 -0.56774527
65.8 -0.57236356
65.9 -0.57697427
66 -0.58157432
66.1 -0.58616388
66.2 -0.59074312
66.3 -0.59531265
66.4 -0.59986854
66.5 -0.60441327
66.6 -0.60894614
66.7 -0.61346549
66.8 -0.61797333
66.9 -0.62246782
67 -0.62694752
67.1 -0.63141501
67.2 -0.63586825
67.3 -0.64030761
67.4 -0.64473391
67.5 -0.64914674
67.6 -0.65354615
67.7 -0.65793204
67.8 -0.66230392
67.9 -0.66666466
68 -0.67101157
68.1 -0.67534482
68.2 -0.67966717
68.3 -0.68397653
68.4 -0.68827391
68.5 -0.69256055
68.6 -0.69683653
68.7 -0.70109898
68.8 -0.70535171
68.9 -0.70959312
69 -0.71382499
69.1 -0.71804518
69.2 -0.72225553
69.3 -0.72645581
69.4 -0.73064673
69.5 -0.73482704
69.6 -0.7389968
69.7 -0.74315679
69.8 -0.74730659
69.9 -0.75144637
70 -0.75557494
70.1 -0.75969428
70.2 -0.76380152
70.3 -0.76789826
70.4 -0.77198309
70.5 -0.77605683
70.6 -0.78011894
70.7 -0.78416818
70.8 -0.78820479
70.9 -0.79222924
71 -0.79624009
71.1 -0.80023688
71.2 -0.80422044
71.3 -0.808191
71.4 -0.81214774
71.5 -0.81608921
71.6 -0.82001668
71.7 -0.82393241
71.8 -0.82783216
71.9 -0.83171964
72 -0.83559191
72.1 -0.83945113
72.2 -0.84329778
72.3 -0.84713155
72.4 -0.8509506
72.5 -0.8547585
72.6 -0.8585518
72.7 -0.86233449
72.8 -0.86610436
72.9 -0.86986029
73 -0.87360555
73.1 -0.87733722
73.2 -0.88105643
73.3 -0.88476586
73.4 -0.88845944
73.5 -0.89214343
73.6 -0.89581507
73.7 -0.89947289
73.8 -0.90311807
73.9 -0.90675199
74 -0.91037405
74.1 -0.91398424
74.2 -0.91758209
74.3 -0.92116642
74.4 -0.92474133
74.5 -0.92830163
74.6 -0.93185043
74.7 -0.93538988
74.8 -0.93891573
74.9 -0.94242877
75 -0.94593298
75.1 -0.94942284
75.2 -0.95290089
75.3 -0.95636845
75.4 -0.95982438
75.5 -0.96326917
75.6 -0.96670228
75.7 -0.97012252
75.8 -0.97353327
75.9 -0.97693396
76 -0.98032147
76.1 -0.98370075
76.2 -0.98706657
76.3 -0.99042362
76.4 -0.99377018
76.5 -0.99710733
76.6 -1.0004344
76.7 -1.0037501
76.8 -1.0070573
76.9 -1.0103549
77 -1.0136412
77.1 -1.0169189
77.2 -1.0201892
77.3 -1.0234464
77.4 -1.0266951
77.5 -1.0299356
77.6 -1.0331639
77.7 -1.0363843
77.8 -1.0395949
77.9 -1.0427932
78 -1.0459838
78.1 -1.0491632
78.2 -1.0523314
78.3 -1.0554934
78.4 -1.0586402
78.5 -1.0617788
78.6 -1.0649061
78.7 -1.0680237
78.8 -1.0711308
78.9 -1.0742275
79 -1.0773144
79.1 -1.0803897
79.2 -1.0834572
79.3 -1.0865148
79.4 -1.0895616
79.5 -1.0926018
79.6 -1.09563
79.7 -1.0986503
79.8 -1.1016629
79.9 -1.1046658
80 -1.1076609
80.1 -1.1106477
80.2 -1.1136249
80.3 -1.1165971
80.4 -1.1195582
80.5 -1.1225119
80.6 -1.1254574
80.7 -1.1283952
80.8 -1.1313252
80.9 -1.1342463
81 -1.1371583
81.1 -1.1400638
81.2 -1.1429591
81.3 -1.1458479
81.4 -1.1487293
81.5 -1.1515998
81.6 -1.1544628
81.7 -1.1573187
81.8 -1.1601664
81.9 -1.1630033
82 -1.1658343
82.1 -1.168658
82.2 -1.1714712
82.3 -1.1742764
82.4 -1.1770747
82.5 -1.1798654
82.6 -1.1826475
82.7 -1.1854223
82.8 -1.1881856
82.9 -1.1909437
83 -1.1936941
83.1 -1.1964359
83.2 -1.1991711
83.3 -1.2018983
83.4 -1.2046181
83.5 -1.2073309
83.6 -1.2100363
83.7 -1.2127343
83.8 -1.2154276
83.9 -1.2181151
84 -1.2207925
84.1 -1.2234646
84.2 -1.2261338
84.3 -1.2287964
84.4 -1.2314502
84.5 -1.2341018
84.6 -1.2367462
84.7 -1.2393845
84.8 -1.2420182
84.9 -1.2446464
85 -1.2472676
85.1 -1.2498842
85.2 -1.2524935
85.3 -1.2550981
85.4 -1.2576958
85.5 -1.260288
85.6 -1.2628717
85.7 -1.2654504
85.8 -1.2680209
85.9 -1.2705867
86 -1.2731444
86.1 -1.275695
86.2 -1.2782382
86.3 -1.2807744
86.4 -1.2833039
86.5 -1.2858254
86.6 -1.2883412
86.7 -1.2908483
86.8 -1.2933484
86.9 -1.2958416
87 -1.2983279
87.1 -1.3008065
87.2 -1.30328
87.3 -1.3057451
87.4 -1.3082049
87.5 -1.310656
87.6 -1.3131011
87.7 -1.315542
87.8 -1.3179754
87.9 -1.3204027
88 -1.3228239
88.1 -1.3252412
88.2 -1.3276509
88.3 -1.3300551
88.4 -1.3324546
88.5 -1.3348478
88.6 -1.3372362
88.7 -1.3396199
88.8 -1.3419977
88.9 -1.3443717
89 -1.3467398
89.1 -1.3491025
89.2 -1.3514593
89.3 -1.3538129
89.4 -1.3561585
89.5 -1.3585017
89.6 -1.360837
89.7 -1.3631672
89.8 -1.3654933
89.9 -1.3678113
90 -1.3701245
90.1 -1.3724309
90.2 -1.3747314
90.3 -1.377025
90.4 -1.3793131
90.5 -1.3815928
90.6 -1.383868
90.7 -1.3861355
90.8 -1.3883975
90.9 -1.3906472
91 -1.3928947
91.1 -1.3951352
91.2 -1.3973653
91.3 -1.3995903
91.4 -1.4018067
91.5 -1.4040177
91.6 -1.4062206
91.7 -1.4084153
91.8 -1.4106057
91.9 -1.4127878
92 -1.4149628
92.1 -1.4171296
92.2 -1.4192911
92.3 -1.4214438
92.4 -1.4235929
92.5 -1.4257312
92.6 -1.4278646
92.7 -1.4299927
92.8 -1.4321127
92.9 -1.4342258
93 -1.4363326
93.1 -1.4384352
93.2 -1.4405285
93.3 -1.4426154
93.4 -1.4446952
93.5 -1.4467702
93.6 -1.4488379
93.7 -1.4509021
93.8 -1.4529555
93.9 -1.4550055
94 -1.4570473
94.1 -1.4590824
94.2 -1.4611133
94.3 -1.4631379
94.4 -1.4651557
94.5 -1.4671651
94.6 -1.4691702
94.7 -1.4711694
94.8 -1.4731619
94.9 -1.4751483
95 -1.4771278
95.1 -1.4791015
95.2 -1.4810678
95.3 -1.4830292
95.4 -1.4849833
95.5 -1.4869322
95.6 -1.4888757
95.7 -1.4908122
95.8 -1.4927435
95.9 -1.4946682
96 -1.4965879
96.1 -1.4984993
96.2 -1.5004073
96.3 -1.5023084
96.4 -1.5042052
96.5 -1.5060948
96.6 -1.5079786
96.7 -1.5098549
96.8 -1.5117267
96.9 -1.513594
97 -1.5154531
97.1 -1.5173082
97.2 -1.5191562
97.3 -1.5209991
97.4 -1.5228361
97.5 -1.5246652
97.6 -1.52649
97.7 -1.5283092
97.8 -1.5301222
97.9 -1.5319302
98 -1.5337321
98.1 -1.5355273
98.2 -1.5373182
98.3 -1.5391011
98.4 -1.5408803
98.5 -1.5426537
98.6 -1.5444217
98.7 -1.5461849
98.8 -1.5479428
98.9 -1.5496939
99 -1.5514419
99.1 -1.5531838
99.2 -1.5549204
99.3 -1.5566548
99.4 -1.5583805
99.5 -1.5601022
99.6 -1.561821
99.7 -1.5635344
99.8 -1.5652409
99.9 -1.566946
100 -1.5686448
100.1 -1.5703384
100.2 -1.5720282
100.3 -1.5737139
100.4 -1.5753942
100.5 -1.5770694
100.6 -1.5787392
100.7 -1.5804061
100.8 -1.5820693
100.9 -1.5837268
101 -1.5853766
101.1 -1.5870256
101.2 -1.5886687
101.3 -1.590309
101.4 -1.5919423
101.5 -1.5935736
101.6 -1.5951983
101.7 -1.5968193
101.8 -1.5984358
101.9 -1.6000464
102 -1.6016551
102.1 -1.6032592
102.2 -1.6048599
102.3 -1.6064531
102.4 -1.6080427
102.5 -1.6096296
102.6 -1.6112115
102.7 -1.6127909
102.8 -1.6143632
102.9 -1.6159325
103 -1.6174998
103.1 -1.61906
103.2 -1.6206188
103.3 -1.6221715
103.4 -1.6237233
103.5 -1.6252712
103.6 -1.6268134
103.7 -1.6283528
103.8 -1.6298876
103.9 -1.6314198
104 -1.6329492
104.1 -1.6344744
104.2 -1.635995
104.3 -1.6375133
104.4 -1.639027
104.5 -1.6405386
104.6 -1.642047
104.7 -1.6435503
104.8 -1.6450481
104.9 -1.646546
105 -1.6480362
105.1 -1.6495255
105.2 -1.6510097
105.3 -1.6524901
105.4 -1.6539677
105.5 -1.6554399
105.6 -1.6569086
105.7 -1.6583743
105.8 -1.6598345
105.9 -1.6612927
106 -1.6627451
106.1 -1.6641939
106.2 -1.6656398
106.3 -1.6670808
106.4 -1.6685183
106.5 -1.6699525
106.6 -1.6713845
106.7 -1.6728116
106.8 -1.6742363
106.9 -1.6756562
107 -1.6770736
107.1 -1.6784885
107.2 -1.6799002
107.3 -1.6813072
107.4 -1.6827122
107.5 -1.6841135
107.6 -1.6855111
107.7 -1.6869094
107.8 -1.6883031
107.9 -1.6896943
108 -1.6910824
108.1 -1.6924671
108.2 -1.6938505
108.3 -1.6952295
108.4 -1.6966081
108.5 -1.6979822
108.6 -1.6993532
108.7 -1.7007225
108.8 -1.7020912
108.9 -1.7034541
109 -1.7048156
109.1 -1.7061746
109.2 -1.7075273
109.3 -1.7088799
109.4 -1.7102292
109.5 -1.7115746
109.6 -1.7129192
109.7 -1.714258
109.8 -1.7155938
109.9 -1.7169262
110 -1.7182558
110.1 -1.7195802
110.2 -1.7209016
110.3 -1.7222213
110.4 -1.7235371
110.5 -1.7248476
110.6 -1.7261542
110.7 -1.7274576
110.8 -1.7287575
110.9 -1.7300528
111 -1.7313465
111.1 -1.7326345
111.2 -1.7339214
111.3 -1.735201
111.4 -1.73648
111.5 -1.7377541
111.6 -1.7390224
111.7 -1.7402911
111.8 -1.7415543
111.9 -1.7428143
112 -1.7440734
112.1 -1.745325
112.2 -1.7465743
112.3 -1.7478211
112.4 -1.7490641
112.5 -1.7503033
112.6 -1.7515422
112.7 -1.7527741
112.8 -1.7540033
112.9 -1.7552313
113 -1.7564545
113.1 -1.7576737
113.2 -1.7588918
113.3 -1.7601047
113.4 -1.7613147
113.5 -1.7625228
113.6 -1.7637266
113.7 -1.7649277
113.8 -1.7661256
113.9 -1.7673188
114 -1.7685089
114.1 -1.7696959
114.2 -1.7708807
114.3 -1.7720641
114.4 -1.7732387
114.5 -1.7744139
114.6 -1.7755859
114.7 -1.7767526
114.8 -1.7779185
114.9 -1.7790784
115 -1.7802342
115.1 -1.7813886
115.2 -1.7825404
115.3 -1.783686
115.4 -1.7848297
115.5 -1.7859713
115.6 -1.787109
115.7 -1.7882407
115.8 -1.7893726
115.9 -1.7904979
116 -1.7916224
116.1 -1.7927403
116.2 -1.7938569
116.3 -1.7949702
116.4 -1.7960793
116.5 -1.7971841
116.6 -1.7982876
116.7 -1.7993854
116.8 -1.800481
116.9 -1.8015752
117 -1.8026643
117.1 -1.8037499
117.2 -1.8048311
117.3 -1.8059102
117.4 -1.8069854
117.5 -1.8080593
117.6 -1.8091273
117.7 -1.8101925
117.8 -1.8112575
117.9 -1.8123164
118 -1.8133727
118.1 -1.8144273
118.2 -1.815479
118.3 -1.8165261
118.4 -1.8175702
118.5 -1.8186126
118.6 -1.8196524
118.7 -1.8206892
118.8 -1.8217216
118.9 -1.8227537
119 -1.8237815
119.1 -1.8248042
119.2 -1.8258305
119.3 -1.8268485
119.4 -1.8278656
119.5 -1.8288801
119.6 -1.8298925
119.7 -1.8309021
119.8 -1.8319075
119.9 -1.8329108
120 -1.833913
120.1 -1.8349133
120.2 -1.8359081
120.3 -1.8369017
120.4 -1.8378921
120.5 -1.8388796
120.6 -1.8398651
120.7 -1.8408469
120.8 -1.8418291
120.9 -1.8428056
121 -1.8437812
121.1 -1.8447541
121.2 -1.8457236
121.3 -1.8466923
121.4 -1.8476578
121.5 -1.8486214
121.6 -1.849581
121.7 -1.8505381
121.8 -1.8514941
121.9 -1.8524467
122 -1.853395
122.1 -1.8543464
122.2 -1.8552905
122.3 -1.8562329
122.4 -1.8571748
122.5 -1.8581132
122.6 -1.8590484
122.7 -1.8599823
122.8 -1.8609151
122.9 -1.8618454
123 -1.8627727
123.1 -1.8636975
123.2 -1.8646191
123.3 -1.865543
123.4 -1.8664619
123.5 -1.8673776
123.6 -1.8682911
123.7 -1.8692042
123.8 -1.8701148
123.9 -1.8710239
124 -1.8719286
124.1 -1.8728317
124.2 -1.8737336
124.3 -1.8746347
124.4 -1.8755325
124.5 -1.8764261
124.6 -1.8773193
124.7 -1.8782089
124.8 -1.8790988
124.9 -1.8799851
125 -1.8808701
125.1 -1.8817521
125.2 -1.8826319
125.3 -1.8835104
125.4 -1.8843853
125.5 -1.8852608
125.6 -1.8861318
125.7 -1.8870004
125.8 -1.8878704
125.9 -1.8887354
126 -1.8895988
126.1 -1.8904624
126.2 -1.8913236
126.3 -1.8921824
126.4 -1.8930387
126.5 -1.8938935
126.6 -1.8947493
126.7 -1.8955989
126.8 -1.8964508
126.9 -1.8972986
127 -1.8981472
127.1 -1.8989933
127.2 -1.899838
127.3 -1.900682
127.4 -1.9015223
127.5 -1.9023632
127.6 -1.9032003
127.7 -1.9040388
127.8 -1.9048749
127.9 -1.9057072
128 -1.9065405
128.1 -1.9073721
128.2 -1.9082018
128.3 -1.9090302
128.4 -1.9098568
128.5 -1.9106807
128.6 -1.9115051
128.7 -1.9123253
128.8 -1.9131447
128.9 -1.9139642
129 -1.9147809
129.1 -1.9155951
129.2 -1.9164069
129.3 -1.9172183
129.4 -1.9180274
129.5 -1.9188348
129.6 -1.9196393
129.7 -1.920442
129.8 -1.9212434
129.9 -1.9220426
130 -1.9228401
130.1 -1.9236364
130.2 -1.9244291
130.3 -1.9252217
130.4 -1.9260108
130.5 -1.9267979
130.6 -1.9275827
130.7 -1.9283694
130.8 -1.9291501
130.9 -1.929931
131 -1.9307089
131.1 -1.9314857
131.2 -1.932261
131.3 -1.9330353
131.4 -1.9338067
131.5 -1.9345759
131.6 -1.9353437
131.7 -1.9361111
131.8 -1.9368745
131.9 -1.9376392
132 -1.9384007
132.1 -1.9391613
132.2 -1.9399202
132.3 -1.9406753
132.4 -1.9414302
132.5 -1.9421861
132.6 -1.9429371
132.7 -1.9436877
132.8 -1.944436
132.9 -1.9451847
133 -1.9459292
133.1 -1.9466728
133.2 -1.9474143
133.3 -1.948155
133.4 -1.9488935
133.5 -1.9496305
133.6 -1.9503663
133.7 -1.9510983
133.8 -1.9518304
133.9 -1.9525607
134 -1.9532897
134.1 -1.9540144
134.2 -1.9547391
134.3 -1.9554608
134.4 -1.9561801
134.5 -1.9569007
134.6 -1.957617
134.7 -1.958331
134.8 -1.9590451
134.9 -1.9597553
135 -1.9604641
135.1 -1.9611707
135.2 -1.9618762
135.3 -1.9625801
135.4 -1.9632804
135.5 -1.9639789
135.6 -1.9646766
135.7 -1.9653709
135.8 -1.9660642
135.9 -1.9667561
136 -1.9674433
136.1 -1.9681313
136.2 -1.9688163
136.3 -1.9695002
136.4 -1.9701796
136.5 -1.9708593
136.6 -1.9715375
136.7 -1.9722126
136.8 -1.9728878
136.9 -1.9735582
137 -1.974229
137.1 -1.9748979
137.2 -1.9755642
137.3 -1.9762281
137.4 -1.97689
137.5 -1.9775512
137.6 -1.9782118
137.7 -1.9788697
137.8 -1.9795246
137.9 -1.9801804
138 -1.980832
138.1 -1.9814826
138.2 -1.9821321
138.3 -1.9827797
138.4 -1.9834254
138.5 -1.9840711
138.6 -1.9847125
138.7 -1.9853542
138.8 -1.9859934
138.9 -1.986629
139 -1.9872658
139.1 -1.9879016
139.2 -1.9885328
139.3 -1.9891655
139.4 -1.9897958
139.5 -1.9904227
139.6 -1.9910501
139.7 -1.9916741
139.8 -1.9922985
139.9 -1.9929197
140 -1.9935396
140.1 -1.9941574
140.2 -1.9947739
140.3 -1.9953893
140.4 -1.9960049
140.5 -1.9966156
140.6 -1.9972278
140.7 -1.9978356
140.8 -1.9984425
140.9 -1.9990487
141 -1.9996533
141.1 -2.0002596
141.2 -2.0008562
141.3 -2.0014584
141.4 -2.0020568
141.5 -2.0026534
141.6 -2.0032477
141.7 -2.0038416
141.8 -2.0044351
141.9 -2.0050259
142 -2.0056155
142.1 -2.0062056
142.2 -2.0067918
142.3 -2.0073774
142.4 -2.0079589
142.5 -2.0085425
142.6 -2.0091257
142.7 -2.0097065
142.8 -2.0102844
142.9 -2.0108604
143 -2.0114388
143.1 -2.0120156
143.2 -2.0125871
143.3 -2.0131607
143.4 -2.0137305
143.5 -2.0143011
143.6 -2.0148718
143.7 -2.0154381
143.8 -2.0160043
143.9 -2.016571
144 -2.0171332
144.1 -2.017698
144.2 -2.0182579
144.3 -2.018816
144.4 -2.0193756
144.5 -2.0199337
144.6 -2.0204868
144.7 -2.0210471
144.8 -2.0216017
144.9 -2.0221534
145 -2.0227044
145.1 -2.0232558
145.2 -2.0238063
145.3 -2.0243552
145.4 -2.0249023
145.5 -2.0254509
145.6 -2.0259945
145.7 -2.0265408
145.8 -2.0270855
145.9 -2.027627
146 -2.0281656
146.1 -2.0287099
146.2 -2.0292501
146.3 -2.0297897
146.4 -2.0303299
146.5 -2.0308654
146.6 -2.0314043
146.7 -2.0319374
146.8 -2.032474
146.9 -2.0330062
147 -2.033541
147.1 -2.0340745
147.2 -2.0346041
147.3 -2.0351353
147.4 -2.0356658
147.5 -2.0361924
147.6 -2.0367198
147.7 -2.0372465
147.8 -2.0377731
147.9 -2.0382974
148 -2.0388241
148.1 -2.0393438
148.2 -2.0398662
148.3 -2.0403888
148.4 -2.0409067
148.5 -2.0414252
148.6 -2.0419455
148.7 -2.04246
148.8 -2.0429757
148.9 -2.0434887
149 -2.0440037
149.1 -2.0445173
149.2 -2.0450261
149.3 -2.0455365
149.4 -2.046047
149.5 -2.0465553
149.6 -2.0470619
149.7 -2.0475662
149.8 -2.0480728
149.9 -2.0485764
150 -2.0490775
150.1 -2.049582
150.2 -2.0500832
150.3 -2.0505834
150.4 -2.051084
150.5 -2.0515809
150.6 -2.0520778
150.7 -2.0525749
150.8 -2.0530713
150.9 -2.0535681
151 -2.0540612
151.1 -2.0545557
151.2 -2.0550482
151.3 -2.0555387
151.4 -2.0560322
151.5 -2.0565224
151.6 -2.0570107
151.7 -2.0574994
151.8 -2.0579865
151.9 -2.0584741
152 -2.0589621
152.1 -2.0594497
152.2 -2.0599298
152.3 -2.0604157
152.4 -2.0608997
152.5 -2.0613799
152.6 -2.0618632
152.7 -2.0623441
152.8 -2.0628228
152.9 -2.063302
153 -2.063781
153.1 -2.064256
153.2 -2.0647326
153.3 -2.0652068
153.4 -2.0656793
153.5 -2.0661509
153.6 -2.0666251
153.7 -2.067096
153.8 -2.0675616
153.9 -2.068032
154 -2.0685022
154.1 -2.0689683
154.2 -2.0694304
154.3 -2.0698938
154.4 -2.0703588
154.5 -2.0708199
154.6 -2.0712802
154.7 -2.0717413
154.8 -2.0721991
154.9 -2.0726564
155 -2.0731125
155.1 -2.073566
155.2 -2.0740199
155.3 -2.0744746
155.4 -2.0749228
155.5 -2.0753763
155.6 -2.0758245
155.7 -2.0762713
155.8 -2.076721
155.9 -2.0771668
156 -2.0776117
156.1 -2.0780568
156.2 -2.0784976
156.3 -2.0789428
156.4 -2.0793824
156.5 -2.0798204
156.6 -2.0802612
156.7 -2.0806983
156.8 -2.0811341
156.9 -2.0815711
157 -2.0820053
157.1 -2.0824347
157.2 -2.0828686
157.3 -2.0833032
157.4 -2.0837326
157.5 -2.0841603
157.6 -2.0845907
157.7 -2.0850163
157.8 -2.0854445
157.9 -2.0858672
158 -2.0862949
158.1 -2.0867159
158.2 -2.087137
158.3 -2.0875597
158.4 -2.0879807
158.5 -2.088398
158.6 -2.0888162
158.7 -2.0892332
158.8 -2.0896528
158.9 -2.0900652
159 -2.0904801
159.1 -2.0908935
159.2 -2.0913043
159.3 -2.0917184
159.4 -2.0921271
159.5 -2.092535
159.6 -2.0929425
159.7 -2.0933485
159.8 -2.0937514
159.9 -2.0941591
160 -2.094563
160.1 -2.0949669
160.2 -2.0953686
160.3 -2.0957708
160.4 -2.0961671
160.5 -2.0965669
160.6 -2.0969632
160.7 -2.0973611
160.8 -2.0977561
160.9 -2.0981505
161 -2.0985441
161.1 -2.0989373
161.2 -2.099328
161.3 -2.0997179
161.4 -2.1001105
161.5 -2.1004999
161.6 -2.1008856
161.7 -2.1012752
161.8 -2.1016591
161.9 -2.1020458
162 -2.1024289
162.1 -2.1028154
162.2 -2.103199
162.3 -2.103579
162.4 -2.1039622
162.5 -2.1043415
162.6 -2.1047215
162.7 -2.1051018
162.8 -2.1054776
162.9 -2.105855
163 -2.1062326
163.1 -2.1066105
163.2 -2.1069846
163.3 -2.1073568
163.4 -2.1077304
163.5 -2.1081071
163.6 -2.1084781
163.7 -2.1088476
163.8 -2.1092193
163.9 -2.1095886
164 -2.1099598
164.1 -2.1103263
164.2 -2.1106949
164.3 -2.1110618
164.4 -2.1114283
164.5 -2.1117921
164.6 -2.1121593
164.7 -2.1125233
164.8 -2.1128867
164.9 -2.1132505
165 -2.1136127
165.1 -2.1139753
165.2 -2.1143355
165.3 -2.1146951
165.4 -2.1150577
165.5 -2.1154184
165.6 -2.1157742
165.7 -2.1161363
165.8 -2.1164927
165.9 -2.1168513
166 -2.1172056
166.1 -2.1175625
166.2 -2.1179171
166.3 -2.1182716
166.4 -2.1186275
166.5 -2.1189802
166.6 -2.1193323
166.7 -2.1196873
166.8 -2.1200404
166.9 -2.1203895
167 -2.1207409
167.1 -2.1210928
167.2 -2.1214402
167.3 -2.1217899
167.4 -2.1221366
167.5 -2.1224873
167.6 -2.1228342
167.7 -2.1231794
167.8 -2.1235271
167.9 -2.1238699
168 -2.1242156
168.1 -2.1245577
168.2 -2.1249025
168.3 -2.1252465
168.4 -2.1255887
168.5 -2.1259279
168.6 -2.126272
168.7 -2.1266098
168.8 -2.1269469
168.9 -2.1272888
169 -2.1276276
169.1 -2.1279638
169.2 -2.1283009
169.3 -2.1286387
169.4 -2.1289761
169.5 -2.1293135
169.6 -2.1296494
169.7 -2.1299834
169.8 -2.1303163
169.9 -2.1306546
170 -2.1309874
170.1 -2.1313167
170.2 -2.1316519
170.3 -2.1319854
170.4 -2.132318
170.5 -2.1326487
170.6 -2.1329815
170.7 -2.133312
170.8 -2.1336434
170.9 -2.1339717
171 -2.1343026
171.1 -2.1346333
171.2 -2.1349635
171.3 -2.1352882
171.4 -2.1356163
171.5 -2.1359475
171.6 -2.1362743
171.7 -2.1365998
171.8 -2.1369252
171.9 -2.1372523
172 -2.1375766
172.1 -2.1379039
172.2 -2.1382258
172.3 -2.1385508
172.4 -2.1388743
172.5 -2.1391952
172.6 -2.1395173
172.7 -2.1398413
172.8 -2.1401618
172.9 -2.1404834
173 -2.1408021
173.1 -2.1411226
173.2 -2.1414404
173.3 -2.1417582
173.4 -2.1420751
173.5 -2.1423926
173.6 -2.1427071
173.7 -2.1430225
173.8 -2.143337
173.9 -2.143651
174 -2.1439672
174.1 -2.1442802
174.2 -2.1445909
174.3 -2.1449032
174.4 -2.1452177
174.5 -2.1455269
174.6 -2.1458356
174.7 -2.1461434
174.8 -2.1464493
174.9 -2.1467595
175 -2.147068
175.1 -2.1473742
175.2 -2.1476796
175.3 -2.1479862
175.4 -2.1482902
175.5 -2.148592
175.6 -2.1488988
175.7 -2.149205
175.8 -2.1495059
175.9 -2.1498046
176 -2.1501076
176.1 -2.1504097
176.2 -2.1507108
176.3 -2.1510079
176.4 -2.1513071
176.5 -2.1516063
176.6 -2.1519039
176.7 -2.152199
176.8 -2.1524982
176.9 -2.1527901
177 -2.1530876
177.1 -2.1533823
177.2 -2.1536772
177.3 -2.15397
177.4 -2.1542633
177.5 -2.1545568
177.6 -2.1548462
177.7 -2.1551383
177.8 -2.1554253
177.9 -2.1557162
178 -2.1560054
178.1 -2.1562922
178.2 -2.1565807
178.3 -2.1568666
178.4 -2.1571543
178.5 -2.1574407
178.6 -2.1577222
178.7 -2.1580086
178.8 -2.1582913
178.9 -2.1585767
179 -2.1588576
179.1 -2.1591372
179.2 -2.1594169
179.3 -2.1596978
179.4 -2.1599774
179.5 -2.1602573
179.6 -2.1605351
179.7 -2.1608117
179.8 -2.1610866
179.9 -2.1613612
180 -2.1616402
180.1 -2.1619124
180.2 -2.1621864
180.3 -2.1624603
180.4 -2.1627309
180.5 -2.1630025
180.6 -2.1632729
180.7 -2.1635466
180.8 -2.1638145
180.9 -2.1640837
181 -2.1643512
181.1 -2.1646202
181.2 -2.1648874
181.3 -2.1651533
181.4 -2.1654201
181.5 -2.1656866
181.6 -2.1659534
181.7 -2.1662166
181.8 -2.1664817
181.9 -2.166744
182 -2.1670067
182.1 -2.1672716
182.2 -2.167532
182.3 -2.1677926
182.4 -2.168056
182.5 -2.168314
182.6 -2.1685739
182.7 -2.1688313
182.8 -2.1690924
182.9 -2.1693497
183 -2.1696076
183.1 -2.1698658
183.2 -2.1701245
183.3 -2.1703789
183.4 -2.1706328
183.5 -2.1708889
183.6 -2.1711438
183.7 -2.1713989
183.8 -2.171653
183.9 -2.1719048
184 -2.1721599
184.1 -2.1724107
184.2 -2.1726608
184.3 -2.1729131
184.4 -2.1731651
184.5 -2.1734142
184.6 -2.173666
184.7 -2.1739163
184.8 -2.174165
184.9 -2.1744156
185 -2.1746612
185.1 -2.1749089
185.2 -2.1751575
185.3 -2.1754045
185.4 -2.1756513
185.5 -2.1758981
185.6 -2.1761436
185.7 -2.1763871
185.8 -2.1766322
185.9 -2.1768763
186 -2.1771209
186.1 -2.1773679
186.2 -2.1776104
186.3 -2.1778502
186.4 -2.1780953
186.5 -2.1783385
186.6 -2.1785808
186.7 -2.1788218
186.8 -2.1790628
186.9 -2.1793003
187 -2.179543
187.1 -2.1797824
187.2 -2.1800203
187.3 -2.180259
187.4 -2.1804984
187.5 -2.1807349
187.6 -2.1809759
187.7 -2.1812093
187.8 -2.1814468
187.9 -2.1816831
188 -2.181921
188.1 -2.1821549
188.2 -2.1823931
188.3 -2.1826274
188.4 -2.1828618
188.5 -2.1830978
188.6 -2.1833339
188.7 -2.1835678
188.8 -2.1838009
188.9 -2.1840334
189 -2.1842656
189.1 -2.1844997
189.2 -2.1847312
189.3 -2.1849668
189.4 -2.1852002
189.5 -2.1854312
189.6 -2.1856654
189.7 -2.1858981
189.8 -2.1861272
189.9 -2.186357
190 -2.1865904
190.1 -2.1868207
190.2 -2.1870499
190.3 -2.1872807
190.4 -2.1875105
190.5 -2.1877406
190.6 -2.1879709
190.7 -2.1882026
190.8 -2.1884274
190.9 -2.1886559
191 -2.188889
191.1 -2.1891153
191.2 -2.1893454
191.3 -2.1895752
191.4 -2.1897984
191.5 -2.1900277
191.6 -2.1902547
191.7 -2.1904829
191.8 -2.190707
191.9 -2.1909323
192 -2.1911573
192.1 -2.1913819
192.2 -2.1916099
192.3 -2.1918344
192.4 -2.1920588
192.5 -2.1922839
192.6 -2.1925077
192.7 -2.1927269
192.8 -2.1929522
192.9 -2.1931705
193 -2.1933916
193.1 -2.1936154
193.2 -2.1938379
193.3 -2.1940601
193.4 -2.194283
193.5 -2.1945035
193.6 -2.19472
193.7 -2.1949391
193.8 -2.1951613
193.9 -2.1953797
194 -2.1955984
194.1 -2.1958168
194.2 -2.1960309
194.3 -2.1962521
194.4 -2.1964679
194.5 -2.196687
194.6 -2.196902
194.7 -2.1971195
194.8 -2.1973345
194.9 -2.1975503
195 -2.1977654
195.1 -2.1979823
195.2 -2.1981966
195.3 -2.1984117
195.4 -2.1986234
195.5 -2.1988358
195.6 -2.1990516
195.7 -2.199266
195.8 -2.1994808
195.9 -2.1996899
196 -2.1998992
196.1 -2.2001143
196.2 -2.2003236
196.3 -2.2005363
196.4 -2.2007465
196.5 -2.2009575
196.6 -2.2011635
196.7 -2.2013757
196.8 -2.2015855
196.9 -2.2017941
197 -2.2020023
197.1 -2.2022121
197.2 -2.2024188
197.3 -2.202626
197.4 -2.2028339
197.5 -2.2030392
197.6 -2.2032456
197.7 -2.2034478
197.8 -2.2036543
197.9 -2.2038596
198 -2.2040629
